[1][1][1][1][1][1][1][1][1][1][1][1][1][1][1][1][1][1][1][1][1][1][1][1][1][1][1][1][1][1][1][1][1][1][1][1][1][1][1][1][1][1][1]  - pared
[1][0][1][0][0][0][1][0][0][0][0][0][1][0][1][0][1][0][0][0][1][1][1][1][1][0][1][1][1][0][0][0][0][0][0][0][0][0][0][1][1][1][1]
[1][0][1][0][1][0][1][0][1][0][1][0][1][0][1][0][1][1][1][1][1][1][1][1][1][0][1][1][1][0][0][0][0][0][0][0][0][0][0][1][1][1][1]  - pared
[1][0][1][0][1][0][1][0][1][0][1][0][1][0][0][0][0][0][0][0][1][1][1][1][1][0][1][1][1][0][0][0][0][0][0][0][0][0][0][1][1][1][1]
[1][0][1][1][1][0][1][0][1][0][1][0][1][0][1][0][0][0][0][0][1][1][1][1][1][0][1][1][1][0][0][0][1][1][1][0][0][0][0][1][1][1][1]  - pared
[1][0][1][0][1][0][0][0][1][0][1][0][1][0][1][0][0][0][0][0][1][1][1][1][1][0][0][0][0][0][0][0][1][1][1][0][0][0][0][1][1][1][1]
[1][0][1][1][1][1][1][1][1][0][1][0][1][0][1][0][1][1][1][1][1][1][1][1][1][0][0][0][0][0][0][0][1][1][1][0][0][0][0][1][1][1][1]  - pared
[1][0][0][0][0][0][0][0][0][0][1][0][0][0][1][0][1][0][0][0][1][1][1][1][1][0][0][0][0][0][0][0][1][1][1][0][0][0][0][1][1][1][1]
[1][1][1][1][1][1][1][1][1][1][1][1][1][1][1][1][1][1][1][1][1][1][1][1][1][1][1][1][1][1][1][1][1][1][1][1][1][1][1][1][1][1][1]  - pared
[*][0][*][0][*][0][*][0][*][0][*][0][*][0][*][0][*][0][*][0][*][0][*][0][*][0][*][0][*][0][*][0][*][0][*][0][*][0][*][0][*][0][*]

Con Paredes limites [9] - [43]